0.000000	0
0.000000	0
0.000000	0
0.000000	0
0.000000	0
0.000000	0
0.000000	0
0.000000	0
0.300000	4
0.000000	0
0.300000	4
0.000000	0
0.500000	3
0.000000	0
0.500000	3
0.000000	0
0.500000	2
0.000000	0
0.600000	1
0.375000	0
0.000000	0
0.000000	0
0.000000	0
0.000000	0
0.000000	0
0.000000	0
0.000000	0
0.000000	0
0.300000	4
0.000000	0
0.300000	4
0.000000	0
0.500000	3
0.000000	0
0.500000	3
0.000000	0
0.500000	2
0.000000	0
0.600000	1
0.375000	0
0.000000	0
0.000000	0
0.000000	0
0.000000	0
0.000000	0
0.000000	0
0.000000	0
0.000000	0
0.300000	4
0.000000	0
0.300000	4
0.000000	0
0.500000	3
0.000000	0
0.500000	3
0.000000	0
0.500000	2
0.000000	0
0.600000	1
0.375000	0
0.000000	0
0.000000	0
0.000000	0
0.000000	0
0.000000	0
0.000000	0
0.000000	0
0.000000	0
0.300000	4
0.000000	0
0.300000	4
0.000000	0
0.500000	3
0.000000	0
0.500000	3
0.000000	0
0.500000	2
0.000000	0
0.600000	1
0.375000	0
0.000000	0
0.000000	0
0.000000	0
0.000000	0
0.000000	0
0.000000	0
0.000000	0
0.000000	0
0.300000	4
0.000000	0
0.300000	4
0.000000	0
0.500000	3
0.000000	0
0.500000	3
0.000000	0
0.500000	2
0.000000	0
0.600000	1
0.375000	0
0.000000	0
0.000000	0
0.000000	0
0.000000	0
0.000000	0
0.000000	0
0.000000	0
0.000000	0
0.300000	4
0.000000	0
0.300000	4
0.000000	0
0.500000	3
0.000000	0
0.500000	3
0.000000	0
0.500000	2
0.000000	0
0.600000	1
0.375000	0
0.000000	0
0.000000	0
0.000000	0
0.000000	0
0.000000	0
0.000000	0
0.000000	0
0.000000	0
0.300000	4
0.000000	0
0.300000	4
0.000000	0
0.500000	3
0.000000	0
0.500000	3
0.000000	0
0.500000	2
0.000000	0
0.600000	1
0.375000	0
0.000000	0
0.000000	0
0.000000	0
0.000000	0
0.000000	0
0.000000	0
0.000000	0
0.000000	0
0.300000	4
0.000000	0
0.300000	4
0.000000	0
0.500000	3
0.000000	0
0.500000	3
0.000000	0
0.500000	2
0.000000	0
0.600000	1
0.375000	0
0.000000	0
0.000000	0
0.000000	0
0.000000	0
0.000000	0
0.000000	0
0.000000	0
0.000000	0
0.300000	4
0.000000	0
0.300000	4
0.000000	0
0.500000	3
0.000000	0
0.500000	3
0.000000	0
0.500000	2
0.000000	0
0.600000	1
0.375000	0
0.000000	0
0.000000	0
0.000000	0
0.000000	0
0.000000	0
0.000000	0
0.000000	0
0.000000	0
0.300000	4
0.000000	0
0.300000	4
0.000000	0
0.500000	3
0.000000	0
0.500000	3
0.000000	0
0.500000	2
0.000000	0
0.600000	1
0.375000	0
0.000000	0
0.000000	0
0.000000	0
0.000000	0
0.000000	0
0.000000	0
0.000000	0
0.000000	0
0.300000	4
0.000000	0
0.300000	4
0.000000	0
0.500000	3
0.000000	0
0.500000	3
0.000000	0
0.500000	2
0.000000	0
0.600000	1
0.375000	0
0.000000	0
0.000000	0
0.000000	0
0.000000	0
0.000000	0
0.000000	0
0.000000	0
0.000000	0
0.300000	4
0.000000	0
0.300000	4
0.000000	0
0.500000	3
0.000000	0
0.500000	3
0.000000	0
0.500000	2
0.000000	0
0.600000	1
0.375000	0
0.000000	0
0.000000	0
0.000000	0
0.000000	0
0.000000	0
0.000000	0
0.000000	0
0.000000	0
0.300000	4
0.000000	0
0.300000	4
0.000000	0
0.500000	3
0.000000	0
0.500000	3
0.000000	0
0.500000	2
0.000000	0
0.600000	1
0.375000	0
0.000000	0
0.000000	0
0.000000	0
0.000000	0
0.000000	0
0.000000	0
0.000000	0
0.000000	0
0.300000	4
0.000000	0
0.300000	4
0.000000	0
0.500000	3
0.000000	0
0.500000	3
0.000000	0
0.500000	2
0.000000	0
0.600000	1
0.375000	0
0.000000	0
0.000000	0
0.000000	0
0.000000	0
0.000000	0
0.000000	0
0.000000	0
0.000000	0
0.300000	4
0.000000	0
0.300000	4
0.000000	0
0.500000	3
0.000000	0
0.500000	3
0.000000	0
0.500000	2
0.000000	0
0.600000	1
0.375000	0
0.000000	0
0.000000	0
0.000000	0
